Marginal Probabilities
========================================
1.670599e-17
9.953601e-01
4.589537e-03
5.033336e-05

Transition Probabilities
========================================
9.998854e-01 1.025777e-04 1.194609e-05 9.567787e-08
2.721204e-04 9.996423e-01 8.476691e-05 7.955822e-07
2.666084e-04 7.982411e-04 9.989201e-01 1.509872e-05
3.834306e-04 1.516166e-03 2.884414e-03 9.952160e-01

Emission Probabilities
========================================
9.998071e-01 1.928977e-04
9.979503e-01 2.049698e-03
9.976073e-01 2.392702e-03
9.976388e-01 2.361171e-03

