Marginal Probabilities
========================================
4.017150e-24
9.892008e-01
1.079414e-02
5.016217e-06

Transition Probabilities
========================================
9.999339e-01 5.548312e-05 1.059087e-05 1.055378e-10
8.600776e-05 9.996920e-01 1.704741e-04 5.149233e-05
1.238204e-03 4.638140e-06 9.987475e-01 9.626034e-06
2.626010e-07 3.884769e-05 5.985521e-03 9.939754e-01

Emission Probabilities
========================================
9.991372e-01 8.628419e-04
9.969179e-01 3.082081e-03
9.921118e-01 7.888240e-03
9.759876e-01 2.401241e-02

