Marginal Probabilities
========================================
7.976571e-18
1.000000e+00
2.162368e-23
1.310188e-21

Transition Probabilities
========================================
9.999437e-01 4.210645e-05 1.421800e-05 2.432104e-10
1.948192e-04 9.997150e-01 9.016060e-05 6.294924e-09
2.933238e-04 3.700901e-04 9.993011e-01 3.545646e-05
6.914846e-03 1.561873e-03 9.850985e-04 9.905382e-01

Emission Probabilities
========================================
9.981317e-01 1.868342e-03
9.925500e-01 7.450005e-03
9.799080e-01 2.009199e-02
9.650284e-01 3.497159e-02

